12 12
XXXXXXXXXXXX
X****X*****X
X*XX*X*XX**X
X*1**X***L*X
X*XX***XX**X
X****X*****X
X*XX*X*XX*OX
X0***X*****X
X*XX***XX**X
X***X*****XX
XZ*********X
XXXXXXXXXXXX

999 999 999 999 999 999 999 999 999 999 999 999
999 9   8   7   999 6   5   4   3   2   1   999
999 8   999 999 5   999 4   999 999 2   1   999
999 7   1   2   3   999 5   6   7   999 1   999
999 6   999 999 4   3   2   999 999 2   1   999
999 5   4   3   2   999 1   2   3   4   5   999
999 4   999 999 1   999 2   999 999 5   1   999
999 3   2   3   4   999 5   6   7   8   9   999
999 2   999 999 5   4   3   999 999 8   9   999
999 1   2   3   999 5   6   7   8   9   999 999
999 1   1   1   1   1   1   1   1   1   1   999
999 999 999 999 999 999 999 999 999 999 999 999