14 13
XXXXXXXXXXXXX
X*****X*O***X
X*X*0*X*X***X
X***X***X*1*X
X*XXXXX*X***X
X*X*L***X*XXX
X*X**X**2***X
X*X*XXXXXXXXX
X***X*3*X***X
XLXX**X**4**X
X***X*****X*X
X*5*X*6*7*8*X
X**XX*9*X*Z*X
XXXXXXXXXXXXX
999 999 999 999 999 999 999 999 999 999 999 999 999
999   1   1   1   1   1 999   1   1   1   1   1 999
999   1 999   1   1   1 999   1 999   8   8   8 999
999   1   1   1 999   4   4   4 999   6   1   6 999
999   1 999 999 999 999 999   4 999   6   6   6 999
999   1 999   1 999   4   4   4 999   6 999 999 999
999   1 999   1   1 999   4   4   1   6   6   6 999
999   1 999   1 999 999 999 999 999 999 999 999 999
999   2   2   2 999   1   1   1 999   5   5   5 999
999 999 999 999   1   1 999   1   1   1   5   5 999
999   2   2   2 999   1   1   1   1   1 999   5 999
999   2   1   2 999   1   1   1   1   1   1   1 999
999   2   2 999 999   1   1   1 999   1   1   1 999
999 999 999 999 999 999 999 999 999 999 999 999 999